# 3D point list with one line of data per point:
#   POINT3D_ID, X, Y, Z, R, G, B, ERROR, TRACK[] as (IMAGE_ID, POINT2D_IDX)
# Number of points: 144, mean track length: 27.5625
143 0.12999999523162842 0.15000000596046448 0 0 0 0 -1 0 110 2 94 3 103 4 103 5 107 6 107 7 110 8 98 9 107 12 99 13 106 15 107 16 106 17 103 18 99 19 91 20 91 21 95 22 107 23 103 24 103 26 106 27 103 28 95 30 99 32 103 33 107 34 107 35 97 36 99 37 102 38 103
142 0.15000000596046448 0.15000000596046448 0 0 0 0 -1 0 109 2 93 3 102 4 102 5 106 6 106 7 109 8 97 9 106 12 98 13 105 15 106 16 105 17 102 18 98 19 90 20 90 21 94 22 106 23 102 24 102 26 105 27 102 28 94 30 98 32 102 33 106 34 106 35 96 36 98 37 101 38 102
141 0.15000000596046448 0.12999999523162842 0 0 0 0 -1 0 108 2 92 3 101 4 101 5 105 6 105 7 108 8 96 9 105 12 97 13 104 15 105 16 104 17 101 18 97 19 89 20 89 21 93 22 105 23 101 24 101 26 104 27 101 28 93 30 97 32 101 33 105 34 105 35 95 36 97 37 100 38 101
140 0.12999999523162842 0.12999999523162842 0 0 0 0 -1 0 107 2 91 3 100 4 100 5 104 6 104 7 107 8 95 9 104 12 96 13 103 15 104 16 103 17 100 18 96 19 88 20 88 21 92 22 104 23 100 24 100 26 103 27 100 28 92 30 96 32 100 33 104 34 104 35 94 36 96 37 99 38 100
139 0.10400000214576721 0.15000000596046448 0 0 0 0 -1 0 106 2 90 3 99 5 103 6 103 7 106 8 94 9 103 10 99 11 90 12 95 13 102 14 95 15 103 16 102 17 99 18 95 19 87 20 87 21 91 22 103 24 99 25 94 26 102 27 99 30 95 32 99 33 103 34 103 35 93 36 95 38 99
138 0.12399999797344208 0.15000000596046448 0 0 0 0 -1 0 105 2 89 3 98 5 102 6 102 7 105 8 93 9 102 10 98 11 89 12 94 13 101 14 94 15 102 16 101 17 98 18 94 19 86 20 86 21 90 22 102 24 98 25 93 26 101 27 98 30 94 32 98 33 102 34 102 35 92 36 94 38 98
137 0.12399999797344208 0.12999999523162842 0 0 0 0 -1 0 104 2 88 3 97 5 101 6 101 7 104 8 92 9 101 10 97 11 88 12 93 13 100 14 93 15 101 16 100 17 97 18 93 19 85 20 85 21 89 22 101 24 97 25 92 26 100 27 97 30 93 32 97 33 101 34 101 35 91 36 93 38 97
136 0.10400000214576721 0.12999999523162842 0 0 0 0 -1 0 103 2 87 3 96 5 100 6 100 7 103 8 91 9 100 10 96 11 87 12 92 13 99 14 92 15 100 16 99 17 96 18 92 19 84 20 84 21 88 22 100 24 96 25 91 26 99 27 96 30 92 32 96 33 100 34 100 35 90 36 92 38 96
135 0.078000001609325409 0.15000000596046448 0 0 0 0 -1 0 102 2 86 3 95 5 99 6 99 7 102 8 90 9 99 10 95 11 86 12 91 13 98 14 91 15 99 16 98 17 95 19 83 20 83 21 87 24 95 25 90 26 98 27 95 30 91 31 97 32 95 33 99 34 99 35 89 36 91 38 95
134 0.097999997437000275 0.15000000596046448 0 0 0 0 -1 0 101 2 85 3 94 5 98 6 98 7 101 8 89 9 98 10 94 11 85 12 90 13 97 14 90 15 98 16 97 17 94 19 82 20 82 21 86 24 94 25 89 26 97 27 94 30 90 31 96 32 94 33 98 34 98 35 88 36 90 38 94
133 0.097999997437000275 0.12999999523162842 0 0 0 0 -1 0 100 2 84 3 93 5 97 6 97 7 100 8 88 9 97 10 93 12 89 13 96 14 89 15 97 16 96 17 93 19 81 20 81 21 85 24 93 25 88 26 96 27 93 30 89 31 95 32 93 33 97 34 97 35 87 36 89 38 93
132 0.078000001609325409 0.12999999523162842 0 0 0 0 -1 0 99 2 83 3 92 5 96 6 96 8 87 9 96 10 92 11 84 12 88 13 95 14 88 15 96 16 95 17 92 19 80 20 80 21 84 24 92 25 87 26 95 27 92 30 88 31 94 32 92 33 96 34 96 35 86 36 88 38 92
131 0.052000001072883606 0.15000000596046448 0 0 0 0 -1 0 98 1 94 2 82 3 91 5 95 6 95 8 86 9 95 10 91 11 83 12 87 13 94 14 87 15 95 16 94 17 91 19 79 20 79 24 91 25 86 26 94 27 91 30 87 31 93 32 91 33 95 34 95 35 85 36 87
130 0.071999996900558472 0.15000000596046448 0 0 0 0 -1 0 97 1 93 2 81 3 90 5 94 6 94 8 85 9 94 10 90 11 82 12 86 13 93 14 86 15 94 16 93 17 90 19 78 20 78 24 90 25 85 26 93 27 90 30 86 31 92 32 90 33 94 34 94 35 84 36 86
129 0.071999996900558472 0.12999999523162842 0 0 0 0 -1 0 96 1 92 2 80 3 89 5 93 6 93 8 84 9 93 10 89 11 81 12 85 13 92 14 85 15 93 16 92 17 89 19 77 20 77 24 89 25 84 26 92 27 89 30 85 31 91 32 89 33 93 34 93 35 83 36 85
128 0.052000001072883606 0.12999999523162842 0 0 0 0 -1 0 95 1 91 2 79 3 88 5 92 6 92 8 83 9 92 10 88 11 80 12 84 13 91 14 84 15 92 16 91 17 88 19 76 20 76 24 88 25 83 26 91 27 88 30 84 31 90 32 88 33 92 34 92 35 82 36 84
127 0.026000000536441803 0.15000000596046448 0 0 0 0 -1 0 94 1 90 2 78 3 87 4 99 5 91 6 91 7 99 8 82 9 91 10 87 11 79 12 83 13 90 14 83 15 91 16 90 17 87 19 75 20 75 22 99 24 87 25 82 26 90 27 87 28 91 29 91 30 83 31 89 32 87 33 91 34 91 35 81 36 83
126 0.046000000089406967 0.15000000596046448 0 0 0 0 -1 0 93 1 89 2 77 3 86 4 98 5 90 6 90 7 98 8 81 9 90 10 86 11 78 12 82 13 89 14 82 15 90 16 89 17 86 19 74 20 74 22 98 24 86 25 81 26 89 27 86 28 90 29 90 30 82 31 88 32 86 33 90 34 90 35 80 36 82
125 0.046000000089406967 0.12999999523162842 0 0 0 0 -1 0 92 1 88 2 76 3 85 4 97 5 89 6 89 7 97 8 80 9 89 10 85 11 77 12 81 13 88 14 81 15 89 16 88 17 85 19 73 20 73 22 97 24 85 25 80 26 88 27 85 28 89 29 89 30 81 31 87 32 85 33 89 34 89 35 79 36 81
124 0.026000000536441803 0.12999999523162842 0 0 0 0 -1 0 91 1 87 2 75 3 84 4 96 5 88 6 88 7 96 8 79 9 88 10 84 11 76 12 80 13 87 14 80 15 88 16 87 17 84 19 72 20 72 22 96 24 84 26 87 27 84 28 88 29 88 30 80 31 86 32 84 33 88 34 88 35 78 36 80
123 0 0.15000000596046448 0 0 0 0 -1 0 90 1 86 2 74 3 83 4 95 5 87 6 87 7 95 8 78 9 87 10 83 11 75 12 79 13 86 14 79 15 87 16 86 17 83 18 91 19 71 20 71 22 95 23 99 24 83 26 86 27 83 28 87 29 87 30 79 31 85 32 83 33 87 34 87 35 77 36 79 37 98 38 91
122 0.019999999552965164 0.15000000596046448 0 0 0 0 -1 0 89 1 85 2 73 3 82 4 94 5 86 6 86 7 94 8 77 9 86 10 82 11 74 12 78 13 85 14 78 15 86 16 85 17 82 18 90 19 70 20 70 22 94 23 98 24 82 26 85 27 82 28 86 29 86 30 78 31 84 32 82 33 86 34 86 35 76 36 78 37 97 38 90
121 0.019999999552965164 0.12999999523162842 0 0 0 0 -1 0 88 1 84 2 72 3 81 4 93 5 85 6 85 7 93 8 76 9 85 10 81 11 73 12 77 13 84 14 77 15 85 16 84 17 81 18 89 19 69 20 69 22 93 23 97 24 81 26 84 27 81 28 85 29 85 30 77 31 83 32 81 33 85 34 85 35 75 36 77 37 96 38 89
120 0 0.12999999523162842 0 0 0 0 -1 0 87 1 83 2 71 3 80 4 92 5 84 6 84 7 92 8 75 9 84 10 80 11 72 12 76 13 83 14 76 15 84 16 83 17 80 18 88 19 68 20 68 22 92 23 96 24 80 26 83 27 80 28 84 29 84 30 76 31 82 32 80 33 84 34 84 35 74 36 76 37 95 38 88
119 0.12999999523162842 0.12399999797344208 0 0 0 0 -1 0 86 2 70 3 79 4 91 5 83 6 83 7 91 8 74 9 83 10 79 12 75 13 82 14 75 15 83 16 82 17 79 18 87 20 67 21 83 22 91 23 95 24 79 25 79 26 82 27 79 28 83 29 83 30 75 32 79 33 83 34 83 35 73 37 94 38 87
118 0.15000000596046448 0.12399999797344208 0 0 0 0 -1 0 85 2 69 3 78 4 90 5 82 6 82 7 90 8 73 9 82 10 78 12 74 13 81 14 74 15 82 16 81 17 78 18 86 20 66 21 82 22 90 23 94 24 78 25 78 26 81 27 78 28 82 29 82 30 74 32 78 33 82 34 82 35 72 37 93 38 86
117 0.15000000596046448 0.10400000214576721 0 0 0 0 -1 0 84 2 68 3 77 4 89 5 81 6 81 7 89 8 72 9 81 10 77 12 73 13 80 14 73 15 81 16 80 17 77 18 85 20 65 21 81 22 89 23 93 24 77 25 77 26 80 27 77 28 81 29 81 30 73 32 77 33 81 34 81 35 71 37 92 38 85
116 0.12999999523162842 0.10400000214576721 0 0 0 0 -1 0 83 2 67 3 76 4 88 5 80 6 80 7 88 8 71 9 80 10 76 12 72 13 79 14 72 15 80 16 79 17 76 18 84 20 64 21 80 22 88 23 92 24 76 25 76 26 79 27 76 28 80 29 80 30 72 32 76 33 80 34 80 35 70 37 91 38 84
115 0.10400000214576721 0.12399999797344208 0 0 0 0 -1 0 82 2 66 3 75 5 79 6 79 7 87 8 70 9 79 10 75 12 71 13 78 14 71 15 79 16 78 17 75 18 83 19 67 20 63 21 79 23 91 24 75 25 75 26 78 27 75 28 79 30 71 32 75 33 79 34 79 35 69 38 83
114 0.12399999797344208 0.12399999797344208 0 0 0 0 -1 0 81 2 65 3 74 5 78 6 78 7 86 8 69 9 78 10 74 12 70 13 77 14 70 15 78 16 77 17 74 18 82 19 66 20 62 21 78 23 90 24 74 25 74 26 77 27 74 28 78 30 70 32 74 33 78 34 78 35 68 37 90 38 82
113 0.12399999797344208 0.10400000214576721 0 0 0 0 -1 0 80 2 64 3 73 5 77 6 77 7 85 8 68 9 77 10 73 12 69 13 76 14 69 15 77 16 76 17 73 18 81 19 65 20 61 21 77 23 89 24 73 25 73 26 76 27 73 28 77 30 69 32 73 33 77 34 77 35 67 37 89 38 81
112 0.10400000214576721 0.10400000214576721 0 0 0 0 -1 0 79 2 63 3 72 5 76 6 76 7 84 8 67 9 76 10 72 12 68 13 75 14 68 15 76 16 75 17 72 18 80 19 64 20 60 21 76 23 88 24 72 25 72 26 75 27 72 28 76 30 68 32 72 33 76 34 76 35 66 37 88 38 80
111 0.078000001609325409 0.12399999797344208 0 0 0 0 -1 0 78 2 62 3 71 5 75 6 75 8 66 9 75 10 71 12 67 13 74 14 67 15 75 16 74 19 63 20 59 21 75 24 71 25 71 26 74 27 71 30 67 32 71 33 75 34 75 35 65 36 75
110 0.097999997437000275 0.12399999797344208 0 0 0 0 -1 0 77 2 61 3 70 5 74 6 74 8 65 9 74 10 70 12 66 13 73 14 66 15 74 16 73 19 62 20 58 21 74 24 70 25 70 26 73 27 70 30 66 32 70 33 74 34 74 35 64 36 74
109 0.097999997437000275 0.10400000214576721 0 0 0 0 -1 0 76 2 60 3 69 5 73 6 73 8 64 9 73 10 69 12 65 13 72 14 65 15 73 16 72 19 61 20 57 21 73 24 69 25 69 26 72 27 69 30 65 32 69 33 73 34 73 35 63 36 73
108 0.078000001609325409 0.10400000214576721 0 0 0 0 -1 0 75 2 59 3 68 5 72 6 72 8 63 9 72 10 68 12 64 13 71 14 64 15 72 16 71 19 60 20 56 21 72 24 68 25 68 26 71 27 68 30 64 32 68 33 72 34 72 35 62 36 72
107 0.052000001072883606 0.12399999797344208 0 0 0 0 -1 0 74 2 58 3 67 5 71 6 71 8 62 9 71 12 63 13 70 14 63 15 71 16 70 17 71 19 59 20 55 26 70 30 63 32 67 34 71 35 61
106 0.071999996900558472 0.12399999797344208 0 0 0 0 -1 0 73 2 57 3 66 5 70 6 70 8 61 9 70 12 62 13 69 14 62 15 70 16 69 17 70 19 58 20 54 26 69 30 62 32 66 34 70 35 60
105 0.071999996900558472 0.10400000214576721 0 0 0 0 -1 0 72 2 56 3 65 5 69 6 69 8 60 9 69 12 61 13 68 14 61 15 69 16 68 17 69 19 57 20 53 26 68 30 61 32 65 34 69 35 59
104 0.052000001072883606 0.10400000214576721 0 0 0 0 -1 0 71 2 55 3 64 5 68 6 68 8 59 9 68 12 60 13 67 14 60 15 68 16 67 17 68 19 56 20 52 26 67 30 60 32 64 34 68 35 58
103 0.026000000536441803 0.12399999797344208 0 0 0 0 -1 0 70 1 82 2 54 3 63 4 87 5 67 6 67 8 58 9 67 11 71 12 59 13 66 14 59 15 67 16 66 17 67 19 55 20 51 22 87 23 87 26 66 28 75 29 79 30 59 31 81 32 63 34 67 35 57 36 71 37 87
102 0.046000000089406967 0.12399999797344208 0 0 0 0 -1 0 69 1 81 2 53 3 62 4 86 5 66 6 66 8 57 9 66 11 70 12 58 13 65 14 58 15 66 16 65 17 66 19 54 20 50 22 86 23 86 26 65 28 74 29 78 30 58 31 80 32 62 34 66 35 56 36 70 37 86
101 0.046000000089406967 0.10400000214576721 0 0 0 0 -1 0 68 1 80 2 52 3 61 4 85 5 65 6 65 8 56 9 65 11 69 12 57 13 64 14 57 15 65 16 64 17 65 19 53 20 49 22 85 23 85 26 64 28 73 29 77 30 57 31 79 32 61 34 65 35 55 36 69 37 85
100 0.026000000536441803 0.10400000214576721 0 0 0 0 -1 0 67 1 79 2 51 3 60 4 84 5 64 6 64 8 55 9 64 11 68 12 56 13 63 14 56 15 64 16 63 17 64 19 52 20 48 22 84 23 84 26 63 28 72 29 76 30 56 31 78 32 60 34 64 35 54 36 68 37 84
99 0 0.12399999797344208 0 0 0 0 -1 0 66 1 78 2 50 3 59 4 83 5 63 6 63 7 83 8 54 9 63 10 67 11 67 12 55 13 62 14 55 15 63 16 62 17 63 18 79 19 51 20 47 22 83 23 83 24 67 26 62 28 71 29 75 30 55 31 77 32 59 34 63 35 53 36 67 37 83 38 79
98 0.019999999552965164 0.12399999797344208 0 0 0 0 -1 0 65 1 77 2 49 3 58 4 82 5 62 6 62 7 82 8 53 9 62 10 66 11 66 12 54 13 61 14 54 15 62 16 61 17 62 18 78 19 50 20 46 22 82 23 82 24 66 26 61 28 70 29 74 30 54 31 76 32 58 34 62 35 52 36 66 37 82 38 78
97 0.019999999552965164 0.10400000214576721 0 0 0 0 -1 0 64 1 76 2 48 3 57 4 81 5 61 6 61 7 81 8 52 9 61 10 65 11 65 12 53 13 60 14 53 15 61 16 60 17 61 18 77 19 49 20 45 22 81 23 81 24 65 26 60 28 69 29 73 30 53 31 75 32 57 34 61 35 51 36 65 37 81 38 77
96 0 0.10400000214576721 0 0 0 0 -1 0 63 1 75 2 47 3 56 4 80 5 60 6 60 7 80 8 51 9 60 10 64 11 64 12 52 13 59 14 52 15 60 16 59 17 60 18 76 19 48 20 44 22 80 23 80 24 64 26 59 28 68 29 72 30 52 31 74 32 56 34 60 35 50 36 64 37 80 38 76
95 0.12999999523162842 0.097999997437000275 0 0 0 0 -1 0 62 1 74 2 46 3 55 4 79 5 59 6 59 7 79 8 50 9 59 10 63 12 51 14 51 15 59 16 58 18 75 21 71 22 79 23 79 24 63 25 67 26 58 27 67 28 67 29 71 30 51 32 55 33 71 34 59 35 49 37 79 38 75
94 0.15000000596046448 0.097999997437000275 0 0 0 0 -1 0 61 1 73 2 45 3 54 4 78 5 58 6 58 7 78 8 49 9 58 10 62 12 50 14 50 15 58 16 57 18 74 21 70 22 78 23 78 24 62 25 66 26 57 27 66 28 66 29 70 30 50 31 73 32 54 33 70 34 58 35 48 37 78 38 74
93 0.15000000596046448 0.078000001609325409 0 0 0 0 -1 0 60 1 72 2 44 3 53 4 77 5 57 6 57 7 77 8 48 9 57 10 61 12 49 14 49 15 57 16 56 18 73 21 69 22 77 23 77 24 61 25 65 26 56 27 65 28 65 29 69 30 49 31 72 32 53 33 69 34 57 35 47 37 77 38 73
92 0.12999999523162842 0.078000001609325409 0 0 0 0 -1 0 59 1 71 2 43 3 52 4 76 5 56 6 56 7 76 8 47 9 56 10 60 12 48 14 48 15 56 16 55 18 72 21 68 22 76 23 76 24 60 25 64 26 55 27 64 28 64 29 68 30 48 31 71 32 52 33 68 34 56 35 46 37 76 38 72
91 0.10400000214576721 0.097999997437000275 0 0 0 0 -1 0 58 2 42 3 51 4 75 5 55 6 55 7 75 8 46 9 55 10 59 12 47 14 47 15 55 16 54 18 71 21 67 22 75 23 75 24 59 25 63 26 54 27 63 28 63 30 47 32 51 33 67 34 55 37 75 38 71
90 0.12399999797344208 0.097999997437000275 0 0 0 0 -1 0 57 2 41 3 50 4 74 5 54 6 54 7 74 8 45 9 54 10 58 12 46 14 46 15 54 16 53 18 70 21 66 22 74 23 74 24 58 25 62 26 53 27 62 28 62 30 46 32 50 33 66 34 54 37 74 38 70
89 0.12399999797344208 0.078000001609325409 0 0 0 0 -1 0 56 2 40 3 49 4 73 5 53 6 53 7 73 8 44 9 53 10 57 12 45 14 45 15 53 16 52 18 69 21 65 22 73 23 73 24 57 25 61 26 52 27 61 28 61 30 45 32 49 33 65 34 53 37 73 38 69
88 0.10400000214576721 0.078000001609325409 0 0 0 0 -1 0 55 3 48 4 72 5 52 6 52 7 72 8 43 9 52 10 56 12 44 14 44 15 52 16 51 18 68 21 64 22 72 23 72 24 56 25 60 26 51 27 60 28 60 30 44 32 48 33 64 34 52 37 72 38 68
87 0.078000001609325409 0.097999997437000275 0 0 0 0 -1 
86 0.097999997437000275 0.097999997437000275 0 0 0 0 -1 
85 0.097999997437000275 0.078000001609325409 0 0 0 0 -1 
84 0.078000001609325409 0.078000001609325409 0 0 0 0 -1 
83 0.052000001072883606 0.097999997437000275 0 0 0 0 -1 
82 0.071999996900558472 0.097999997437000275 0 0 0 0 -1 
81 0.071999996900558472 0.078000001609325409 0 0 0 0 -1 
80 0.052000001072883606 0.078000001609325409 0 0 0 0 -1 
79 0.026000000536441803 0.097999997437000275 0 0 0 0 -1 0 54 1 70 2 39 3 47 4 71 5 51 7 71 8 42 9 51 11 63 12 43 13 58 16 50 17 59 19 47 20 43 22 71 23 71 26 50 28 59 29 67 30 43 31 70 34 51 35 45 36 63 37 71
78 0.046000000089406967 0.097999997437000275 0 0 0 0 -1 0 53 1 69 2 38 3 46 4 70 5 50 7 70 8 41 9 50 11 62 12 42 13 57 16 49 17 58 19 46 20 42 22 70 23 70 26 49 28 58 29 66 30 42 31 69 34 50 35 44 36 62 37 70
77 0.046000000089406967 0.078000001609325409 0 0 0 0 -1 0 52 1 68 2 37 3 45 4 69 5 49 7 69 9 49 11 61 12 41 13 56 16 48 17 57 19 45 20 41 22 69 23 69 26 48 28 57 29 65 30 41 31 68 34 49 35 43 36 61 37 69
76 0.026000000536441803 0.078000001609325409 0 0 0 0 -1 0 51 1 67 2 36 3 44 4 68 5 48 7 68 8 40 9 48 11 60 12 40 13 55 16 47 17 56 19 44 20 40 22 68 23 68 26 47 28 56 29 64 30 40 31 67 34 48 35 42 36 60 37 68
75 0 0.097999997437000275 0 0 0 0 -1 0 50 1 66 2 35 3 43 4 67 5 47 7 67 8 39 9 47 11 59 12 39 13 54 14 43 16 46 17 55 18 67 19 43 20 39 21 63 22 67 23 67 26 46 28 55 29 63 30 39 31 66 33 63 34 47 35 41 36 59 37 67 38 67
74 0.019999999552965164 0.097999997437000275 0 0 0 0 -1 0 49 1 65 2 34 3 42 4 66 5 46 7 66 8 38 9 46 11 58 12 38 13 53 14 42 16 45 17 54 18 66 19 42 20 38 21 62 22 66 23 66 26 45 28 54 29 62 30 38 31 65 33 62 34 46 35 40 36 58 37 66 38 66
73 0.019999999552965164 0.078000001609325409 0 0 0 0 -1 0 48 1 64 2 33 3 41 4 65 5 45 7 65 8 37 9 45 11 57 12 37 13 52 14 41 16 44 17 53 18 65 19 41 20 37 21 61 22 65 23 65 26 44 28 53 29 61 30 37 31 64 33 61 34 45 35 39 36 57 37 65 38 65
72 0 0.078000001609325409 0 0 0 0 -1 0 47 1 63 2 32 3 40 4 64 5 44 7 64 8 36 9 44 11 56 12 36 13 51 14 40 16 43 17 52 18 64 19 40 20 36 21 60 22 64 23 64 26 43 28 52 29 60 30 36 31 63 33 60 34 44 35 38 36 56 37 64 38 64
71 0.12999999523162842 0.071999996900558472 0 0 0 0 -1 0 46 1 62 2 31 3 39 4 63 6 51 7 63 8 35 9 43 10 55 11 55 12 35 14 39 15 51 16 42 18 63 21 59 22 63 23 63 24 55 25 59 26 42 27 59 28 51 29 59 30 35 31 62 32 47 33 59 34 43 35 37 37 63 38 63
70 0.15000000596046448 0.071999996900558472 0 0 0 0 -1 0 45 1 61 2 30 3 38 4 62 6 50 7 62 8 34 9 42 10 54 11 54 12 34 14 38 15 50 16 41 18 62 21 58 22 62 23 62 24 54 25 58 26 41 27 58 28 50 29 58 30 34 31 61 32 46 33 58 34 42 35 36 37 62 38 62
69 0.15000000596046448 0.052000001072883606 0 0 0 0 -1 0 44 1 60 2 29 3 37 4 61 6 49 7 61 8 33 9 41 10 53 11 53 12 33 14 37 15 49 16 40 18 61 21 57 22 61 23 61 24 53 25 57 26 40 27 57 28 49 29 57 30 33 31 60 32 45 33 57 34 41 35 35 37 61 38 61
68 0.12999999523162842 0.052000001072883606 0 0 0 0 -1 0 43 1 59 2 28 3 36 4 60 6 48 7 60 8 32 9 40 10 52 11 52 12 32 14 36 15 48 16 39 18 60 21 56 22 60 23 60 24 52 25 56 26 39 27 56 28 48 29 56 30 32 31 59 32 44 33 56 34 40 37 60 38 60
67 0.10400000214576721 0.071999996900558472 0 0 0 0 -1 0 42 4 59 6 47 7 59 8 31 9 39 10 51 12 31 14 35 15 47 16 38 18 59 21 55 22 59 23 59 24 51 25 55 26 38 27 55 28 47 29 55 32 43 33 55 34 39 37 59 38 59
66 0.12399999797344208 0.071999996900558472 0 0 0 0 -1 0 41 1 58 4 58 6 46 7 58 8 30 9 38 10 50 12 30 14 34 15 46 16 37 18 58 21 54 22 58 23 58 24 50 25 54 26 37 27 54 28 46 29 54 31 58 32 42 33 54 34 38 37 58 38 58
65 0.12399999797344208 0.052000001072883606 0 0 0 0 -1 0 40 1 57 4 57 6 45 7 57 8 29 9 37 10 49 12 29 14 33 15 45 16 36 18 57 21 53 22 57 23 57 24 49 25 53 26 36 27 53 28 45 29 53 31 57 32 41 33 53 34 37 37 57 38 57
64 0.10400000214576721 0.052000001072883606 0 0 0 0 -1 1 56 4 56 6 44 7 56 8 28 9 36 10 48 12 28 14 32 15 44 16 35 18 56 21 52 22 56 23 56 24 48 25 52 26 35 27 52 28 44 29 52 31 56 32 40 33 52 34 36 37 56 38 56
63 0.078000001609325409 0.071999996900558472 0 0 0 0 -1 
62 0.097999997437000275 0.071999996900558472 0 0 0 0 -1 
61 0.097999997437000275 0.052000001072883606 0 0 0 0 -1 
60 0.078000001609325409 0.052000001072883606 0 0 0 0 -1 
59 0.052000001072883606 0.071999996900558472 0 0 0 0 -1 
58 0.071999996900558472 0.071999996900558472 0 0 0 0 -1 
57 0.071999996900558472 0.052000001072883606 0 0 0 0 -1 
56 0.052000001072883606 0.052000001072883606 0 0 0 0 -1 
55 0.026000000536441803 0.071999996900558472 0 0 0 0 -1 0 39 1 55 2 27 3 35 4 55 5 43 7 55 9 35 11 51 13 50 16 34 17 51 18 55 19 39 20 35 21 51 22 55 23 55 26 34 28 43 29 51 30 31 31 55 35 34 36 55 37 55 38 55
54 0.046000000089406967 0.071999996900558472 0 0 0 0 -1 0 38 1 54 2 26 3 34 4 54 5 42 7 54 9 34 11 50 13 49 17 50 18 54 19 38 20 34 21 50 22 54 23 54 26 33 28 42 29 50 30 30 31 54 35 33 36 54 37 54 38 54
53 0.046000000089406967 0.052000001072883606 0 0 0 0 -1 0 37 1 53 2 25 3 33 4 53 5 41 7 53 9 33 11 49 13 48 16 33 17 49 18 53 19 37 20 33 21 49 22 53 23 53 26 32 28 41 29 49 30 29 31 53 35 32 36 53 37 53 38 53
52 0.026000000536441803 0.052000001072883606 0 0 0 0 -1 0 36 1 52 2 24 3 32 4 52 5 40 7 52 9 32 11 48 13 47 16 32 17 48 18 52 19 36 20 32 21 48 22 52 23 52 26 31 28 40 29 48 30 28 31 52 35 31 36 52 37 52 38 52
51 0 0.071999996900558472 0 0 0 0 -1 0 35 1 51 2 23 3 31 4 51 5 39 7 51 9 31 11 47 12 27 13 46 16 31 17 47 18 51 19 35 20 31 21 47 22 51 23 51 25 51 26 30 27 51 28 39 29 47 30 27 31 51 33 51 34 35 35 30 36 51 37 51 38 51
50 0.019999999552965164 0.071999996900558472 0 0 0 0 -1 0 34 1 50 2 22 3 30 4 50 5 38 7 50 9 30 11 46 12 26 13 45 16 30 17 46 18 50 19 34 20 30 21 46 22 50 23 50 25 50 26 29 27 50 28 38 29 46 30 26 31 50 33 50 34 34 35 29 36 50 37 50 38 50
49 0.019999999552965164 0.052000001072883606 0 0 0 0 -1 0 33 1 49 2 21 3 29 4 49 5 37 7 49 9 29 11 45 12 25 13 44 16 29 17 45 18 49 19 33 20 29 21 45 22 49 23 49 25 49 26 28 27 49 28 37 29 45 30 25 31 49 33 49 34 33 35 28 36 49 37 49 38 49
48 0 0.052000001072883606 0 0 0 0 -1 0 32 1 48 2 20 3 28 4 48 5 36 7 48 9 28 11 44 12 24 13 43 16 28 17 44 18 48 19 32 20 28 21 44 22 48 23 48 25 48 26 27 27 48 28 36 29 44 30 24 31 48 33 48 34 32 35 27 36 48 37 48 38 48
47 0.12999999523162842 0.046000000089406967 0 0 0 0 -1 0 31 1 47 3 27 4 47 6 43 7 47 8 27 9 27 10 47 11 43 12 23 14 31 15 43 16 27 17 43 18 47 21 43 22 47 23 47 24 47 25 47 26 26 27 47 29 43 30 23 31 47 32 39 33 47 34 31 36 47 37 47 38 47
46 0.15000000596046448 0.046000000089406967 0 0 0 0 -1 0 30 1 46 3 26 4 46 6 42 7 46 8 26 9 26 10 46 11 42 12 22 14 30 15 42 16 26 17 42 18 46 21 42 22 46 23 46 24 46 25 46 26 25 27 46 29 42 30 22 31 46 32 38 33 46 34 30 36 46 37 46 38 46
45 0.15000000596046448 0.026000000536441803 0 0 0 0 -1 0 29 1 45 3 25 4 45 6 41 7 45 8 25 9 25 10 45 11 41 12 21 14 29 15 41 16 25 17 41 18 45 21 41 22 45 23 45 24 45 25 45 26 24 27 45 29 41 30 21 31 45 32 37 33 45 34 29 36 45 37 45 38 45
44 0.12999999523162842 0.026000000536441803 0 0 0 0 -1 0 28 1 44 3 24 4 44 6 40 7 44 8 24 9 24 10 44 11 40 12 20 14 28 15 40 16 24 17 40 18 44 21 40 22 44 23 44 24 44 25 44 26 23 27 44 29 40 30 20 31 44 32 36 33 44 34 28 36 44 37 44 38 44
43 0.10400000214576721 0.046000000089406967 0 0 0 0 -1 0 27 1 43 4 43 6 39 7 43 8 23 9 23 10 43 12 19 13 42 14 27 15 39 16 23 17 39 18 43 21 39 22 43 23 43 24 43 25 43 26 22 27 43 28 35 29 39 31 43 32 35 33 43 34 27 36 43 37 43 38 43
42 0.12399999797344208 0.046000000089406967 0 0 0 0 -1 0 26 1 42 4 42 6 38 7 42 8 22 9 22 10 42 12 18 14 26 15 38 16 22 17 38 18 42 21 38 22 42 23 42 24 42 25 42 26 21 27 42 28 34 29 38 31 42 32 34 33 42 34 26 36 42 37 42 38 42
41 0.12399999797344208 0.026000000536441803 0 0 0 0 -1 0 25 1 41 4 41 6 37 7 41 8 21 9 21 10 41 12 17 13 41 14 25 15 37 16 21 17 37 18 41 21 37 22 41 23 41 24 41 25 41 26 20 27 41 28 33 29 37 31 41 32 33 33 41 34 25 36 41 37 41 38 41
40 0.10400000214576721 0.026000000536441803 0 0 0 0 -1 0 24 1 40 4 40 6 36 7 40 8 20 9 20 10 40 12 16 13 40 14 24 15 36 16 20 17 36 18 40 21 36 22 40 23 40 24 40 25 40 26 19 27 40 28 32 29 36 31 40 32 32 33 40 34 24 36 40 37 40 38 40
39 0.078000001609325409 0.046000000089406967 0 0 0 0 -1 1 39 4 39 6 35 7 39 8 19 10 39 11 39 13 39 14 23 15 35 17 35 18 39 21 35 22 39 23 39 24 39 25 39 27 39 28 31 29 35 31 39 32 31 33 39 34 23 36 39 37 39 38 39
38 0.097999997437000275 0.046000000089406967 0 0 0 0 -1 1 38 4 38 6 34 7 38 8 18 10 38 11 38 13 38 14 22 15 34 17 34 18 38 21 34 22 38 23 38 24 38 25 38 27 38 28 30 29 34 31 38 32 30 33 38 34 22 36 38 37 38 38 38
37 0.097999997437000275 0.026000000536441803 0 0 0 0 -1 1 37 4 37 6 33 7 37 8 17 10 37 11 37 13 37 14 21 15 33 17 33 18 37 21 33 22 37 23 37 24 37 25 37 27 37 28 29 29 33 31 37 32 29 33 37 34 21 36 37 37 37 38 37
36 0.078000001609325409 0.026000000536441803 0 0 0 0 -1 1 36 4 36 6 32 7 36 8 16 10 36 11 36 13 36 14 20 15 32 17 32 18 36 21 32 22 36 23 36 24 36 25 36 27 36 28 28 29 32 31 36 32 28 33 36 34 20 36 36 37 36 38 36
35 0.052000001072883606 0.046000000089406967 0 0 0 0 -1 1 35 4 35 5 35 6 31 7 35 10 35 11 35 13 35 15 31 17 31 18 35 19 31 20 27 21 31 22 35 23 35 24 35 25 35 27 35 28 27 29 31 31 35 32 27 33 35 35 26 36 35 37 35 38 35
34 0.071999996900558472 0.046000000089406967 0 0 0 0 -1 1 34 4 34 5 34 6 30 7 34 10 34 11 34 13 34 15 30 17 30 18 34 19 30 20 26 21 30 22 34 23 34 24 34 25 34 27 34 28 26 29 30 31 34 32 26 33 34 36 34 37 34 38 34
33 0.071999996900558472 0.026000000536441803 0 0 0 0 -1 1 33 4 33 5 33 6 29 7 33 10 33 11 33 13 33 15 29 17 29 18 33 19 29 20 25 21 29 22 33 23 33 24 33 25 33 27 33 28 25 29 29 31 33 32 25 33 33 35 25 36 33 37 33 38 33
32 0.052000001072883606 0.026000000536441803 0 0 0 0 -1 1 32 4 32 5 32 6 28 7 32 10 32 11 32 13 32 15 28 17 28 18 32 19 28 20 24 21 28 22 32 23 32 24 32 25 32 27 32 28 24 29 28 31 32 32 24 33 32 35 24 36 32 37 32 38 32
31 0.026000000536441803 0.046000000089406967 0 0 0 0 -1 0 23 1 31 2 19 3 23 4 31 5 31 7 31 9 19 10 31 11 31 13 31 15 27 17 27 18 31 19 27 20 23 21 27 22 31 23 31 24 31 25 31 26 18 27 31 28 23 29 27 30 19 31 31 33 31 35 23 36 31 37 31 38 31
30 0.046000000089406967 0.046000000089406967 0 0 0 0 -1 0 22 1 30 2 18 3 22 4 30 5 30 7 30 9 18 10 30 11 30 13 30 15 26 17 26 18 30 19 26 20 22 21 26 22 30 23 30 24 30 25 30 26 17 27 30 28 22 29 26 30 18 31 30 33 30 35 22 36 30 37 30 38 30
29 0.046000000089406967 0.026000000536441803 0 0 0 0 -1 0 21 1 29 2 17 3 21 4 29 5 29 7 29 9 17 10 29 11 29 13 29 15 25 17 25 18 29 19 25 20 21 21 25 22 29 23 29 24 29 25 29 26 16 27 29 28 21 29 25 30 17 31 29 33 29 35 21 36 29 37 29 38 29
28 0.026000000536441803 0.026000000536441803 0 0 0 0 -1 0 20 1 28 2 16 3 20 4 28 5 28 7 28 9 16 10 28 11 28 13 28 15 24 17 24 18 28 19 24 20 20 21 24 22 28 23 28 24 28 25 28 26 15 27 28 28 20 29 24 30 16 31 28 33 28 35 20 36 28 37 28 38 28
27 0 0.046000000089406967 0 0 0 0 -1 0 19 1 27 2 15 3 19 4 27 5 27 6 27 7 27 9 15 10 27 11 27 12 15 13 27 16 19 17 23 18 27 19 23 20 19 21 23 22 27 23 27 24 27 25 27 26 14 27 27 28 19 29 23 30 15 31 27 33 27 35 19 36 27 37 27 38 27
26 0.019999999552965164 0.046000000089406967 0 0 0 0 -1 0 18 1 26 2 14 3 18 4 26 5 26 6 26 7 26 9 14 10 26 11 26 12 14 13 26 16 18 17 22 18 26 19 22 20 18 21 22 22 26 23 26 24 26 25 26 26 13 27 26 28 18 29 22 30 14 31 26 33 26 35 18 36 26 37 26 38 26
25 0.019999999552965164 0.026000000536441803 0 0 0 0 -1 0 17 1 25 2 13 3 17 4 25 5 25 6 25 7 25 9 13 10 25 11 25 12 13 13 25 16 17 17 21 18 25 19 21 20 17 21 21 22 25 23 25 24 25 25 25 26 12 27 25 28 17 29 21 30 13 31 25 33 25 35 17 36 25 37 25 38 25
24 0 0.026000000536441803 0 0 0 0 -1 0 16 1 24 2 12 3 16 4 24 5 24 6 24 7 24 9 12 10 24 11 24 12 12 13 24 16 16 17 20 18 24 19 20 20 16 21 20 22 24 23 24 24 24 25 24 26 11 27 24 28 16 29 20 30 12 31 24 33 24 35 16 36 24 37 24 38 24
23 0.12999999523162842 0.019999999552965164 0 0 0 0 -1 0 15 1 23 3 15 4 23 5 23 6 23 7 23 8 15 9 11 10 23 11 23 12 11 13 23 14 19 15 23 16 15 18 23 22 23 23 23 24 23 25 23 26 10 27 23 30 11 31 23 32 23 33 23 34 19 36 23 37 23 38 23
22 0.15000000596046448 0.019999999552965164 0 0 0 0 -1 0 14 1 22 3 14 4 22 5 22 6 22 7 22 8 14 9 10 10 22 11 22 12 10 13 22 14 18 15 22 16 14 18 22 22 22 23 22 24 22 25 22 26 9 27 22 30 10 31 22 32 22 33 22 34 18 36 22 37 22 38 22
21 0.15000000596046448 0 0 0 0 0 -1 0 13 1 21 3 13 4 21 5 21 6 21 7 21 8 13 9 9 10 21 11 21 12 9 13 21 14 17 15 21 16 13 18 21 22 21 23 21 24 21 25 21 26 8 27 21 30 9 31 21 32 21 33 21 34 17 36 21 37 21 38 21
20 0.12999999523162842 0 0 0 0 0 -1 0 12 1 20 3 12 4 20 5 20 6 20 7 20 8 12 9 8 10 20 11 20 12 8 13 20 14 16 15 20 16 12 18 20 22 20 23 20 24 20 25 20 27 20 30 8 31 20 32 20 33 20 34 16 36 20 37 20 38 20
19 0.10400000214576721 0.019999999552965164 0 0 0 0 -1 0 11 1 19 4 19 5 19 6 19 7 19 8 11 10 19 11 19 12 7 13 19 14 15 15 19 16 11 17 19 18 19 19 19 20 15 21 19 22 19 23 19 24 19 25 19 27 19 29 19 31 19 32 19 33 19 34 15 36 19 37 19 38 19
18 0.12399999797344208 0.019999999552965164 0 0 0 0 -1 0 10 1 18 4 18 5 18 6 18 7 18 8 10 10 18 11 18 12 6 13 18 14 14 15 18 16 10 17 18 18 18 19 18 20 14 21 18 22 18 23 18 24 18 25 18 27 18 29 18 31 18 32 18 33 18 34 14 36 18 37 18 38 18
17 0.12399999797344208 0 0 0 0 0 -1 0 9 1 17 4 17 5 17 6 17 7 17 8 9 10 17 11 17 12 5 13 17 14 13 15 17 16 9 17 17 18 17 19 17 20 13 21 17 22 17 23 17 24 17 25 17 27 17 29 17 31 17 32 17 33 17 34 13 36 17 37 17 38 17
16 0.10400000214576721 0 0 0 0 0 -1 0 8 1 16 4 16 5 16 6 16 7 16 8 8 10 16 11 16 12 4 13 16 14 12 15 16 16 8 17 16 18 16 19 16 20 12 21 16 22 16 23 16 24 16 25 16 27 16 29 16 31 16 32 16 33 16 34 12 36 16 37 16 38 16
15 0.078000001609325409 0.019999999552965164 0 0 0 0 -1 1 15 4 15 5 15 6 15 7 15 8 7 10 15 11 15 12 3 13 15 14 11 15 15 16 7 17 15 18 15 19 15 20 11 21 15 22 15 23 15 24 15 25 15 27 15 28 15 29 15 31 15 32 15 33 15 34 11 35 15 36 15 37 15 38 15
14 0.097999997437000275 0.019999999552965164 0 0 0 0 -1 1 14 4 14 5 14 6 14 7 14 8 6 10 14 11 14 12 2 13 14 14 10 15 14 16 6 17 14 18 14 19 14 20 10 21 14 22 14 23 14 24 14 25 14 27 14 28 14 29 14 31 14 32 14 33 14 34 10 35 14 36 14 37 14 38 14
13 0.097999997437000275 0 0 0 0 0 -1 1 13 4 13 5 13 6 13 7 13 8 5 10 13 11 13 12 1 13 13 14 9 15 13 16 5 17 13 18 13 19 13 20 9 21 13 22 13 23 13 24 13 25 13 27 13 28 13 29 13 31 13 32 13 33 13 34 9 35 13 36 13 37 13 38 13
12 0.078000001609325409 0 0 0 0 0 -1 1 12 4 12 5 12 6 12 7 12 8 4 10 12 11 12 12 0 13 12 14 8 15 12 16 4 17 12 18 12 19 12 20 8 21 12 22 12 23 12 24 12 25 12 27 12 28 12 29 12 31 12 32 12 33 12 34 8 35 12 36 12 37 12 38 12
11 0.052000001072883606 0.019999999552965164 0 0 0 0 -1 1 11 2 11 3 11 4 11 5 11 6 11 7 11 8 3 10 11 11 11 13 11 14 7 15 11 17 11 18 11 19 11 20 7 21 11 22 11 23 11 24 11 25 11 27 11 28 11 29 11 31 11 32 11 33 11 34 7 35 11 36 11 37 11 38 11
10 0.071999996900558472 0.019999999552965164 0 0 0 0 -1 1 10 2 10 3 10 4 10 5 10 6 10 7 10 8 2 10 10 11 10 13 10 14 6 15 10 17 10 18 10 19 10 20 6 21 10 22 10 23 10 24 10 25 10 27 10 28 10 29 10 31 10 32 10 33 10 34 6 35 10 36 10 37 10 38 10
9 0.071999996900558472 0 0 0 0 0 -1 1 9 2 9 3 9 4 9 5 9 6 9 7 9 8 1 10 9 11 9 13 9 14 5 15 9 17 9 18 9 19 9 20 5 21 9 22 9 23 9 24 9 25 9 27 9 28 9 29 9 31 9 32 9 33 9 34 5 35 9 36 9 37 9 38 9
8 0.052000001072883606 0 0 0 0 0 -1 1 8 2 8 3 8 4 8 5 8 6 8 7 8 8 0 10 8 11 8 13 8 14 4 15 8 17 8 18 8 19 8 20 4 21 8 22 8 23 8 24 8 25 8 27 8 28 8 29 8 31 8 32 8 33 8 34 4 35 8 36 8 37 8 38 8
7 0.026000000536441803 0.019999999552965164 0 0 0 0 -1 0 7 1 7 2 7 3 7 4 7 5 7 6 7 7 7 9 7 10 7 11 7 13 7 14 3 15 7 17 7 18 7 19 7 20 3 21 7 22 7 23 7 24 7 25 7 26 7 27 7 28 7 29 7 30 7 31 7 32 7 33 7 35 7 36 7 37 7 38 7
6 0.046000000089406967 0.019999999552965164 0 0 0 0 -1 0 6 1 6 2 6 3 6 4 6 5 6 6 6 7 6 9 6 10 6 11 6 13 6 14 2 15 6 17 6 18 6 19 6 20 2 21 6 22 6 23 6 24 6 25 6 26 6 27 6 28 6 29 6 30 6 31 6 32 6 33 6 35 6 36 6 37 6 38 6
5 0.046000000089406967 0 0 0 0 0 -1 0 5 1 5 2 5 3 5 4 5 5 5 6 5 7 5 9 5 10 5 11 5 13 5 14 1 15 5 17 5 18 5 19 5 20 1 21 5 22 5 23 5 24 5 25 5 26 5 27 5 28 5 29 5 30 5 31 5 32 5 33 5 35 5 36 5 37 5 38 5
4 0.026000000536441803 0 0 0 0 0 -1 0 4 1 4 2 4 3 4 4 4 5 4 6 4 7 4 9 4 10 4 11 4 13 4 14 0 15 4 17 4 18 4 19 4 20 0 21 4 22 4 23 4 24 4 25 4 26 4 27 4 28 4 29 4 30 4 31 4 32 4 33 4 35 4 36 4 37 4 38 4
3 0 0.019999999552965164 0 0 0 0 -1 0 3 1 3 2 3 3 3 4 3 5 3 6 3 7 3 9 3 10 3 11 3 13 3 15 3 16 3 17 3 18 3 19 3 21 3 22 3 23 3 24 3 25 3 26 3 27 3 28 3 29 3 30 3 31 3 32 3 33 3 34 3 35 3 36 3 37 3 38 3
2 0.019999999552965164 0.019999999552965164 0 0 0 0 -1 0 2 1 2 2 2 3 2 4 2 5 2 6 2 7 2 9 2 10 2 11 2 13 2 15 2 16 2 17 2 18 2 19 2 21 2 22 2 23 2 24 2 25 2 26 2 27 2 28 2 29 2 30 2 31 2 32 2 33 2 34 2 35 2 36 2 37 2 38 2
1 0.019999999552965164 0 0 0 0 0 -1 0 1 1 1 2 1 3 1 4 1 5 1 6 1 7 1 9 1 10 1 11 1 13 1 15 1 16 1 17 1 18 1 19 1 21 1 22 1 23 1 24 1 25 1 26 1 27 1 28 1 29 1 30 1 31 1 32 1 33 1 34 1 35 1 36 1 37 1 38 1
0 0 0 0 0 0 0 -1 0 0 1 0 2 0 3 0 4 0 5 0 6 0 7 0 9 0 10 0 11 0 13 0 15 0 16 0 17 0 18 0 19 0 21 0 22 0 23 0 24 0 25 0 26 0 27 0 28 0 29 0 30 0 31 0 32 0 33 0 34 0 35 0 36 0 37 0 38 0
